19 19

400
0 10 20 30 40 50 60 70 80 90 100 110 120 130 140 150 160 170 180 0 10 20 30 40 50 60 70 80 90 100 110 120 130 140 150 160 170 180
0 0 0 0 0 0 0 0 0 50 0 50 0 50 0 50 0 50 0 0 0 0 0 0 0 0 0 0 50 0 50 0 50 0 50 0 50 0

0 19 0
0 20 811
0 21 812
0 22 812
0 23 812
0 24 812
0 25 812
0 26 884
0 27 912
0 28 500
0 29 912
0 30 500
0 31 912
0 32 500
0 33 912
0 34 500
0 35 1000
0 36 500
0 37 850
1 19 811
1 20 0
1 21 500
1 22 500
1 23 500
1 24 500
1 25 500
1 26 801
1 27 833
1 28 822
1 29 833
1 30 822
1 31 833
1 32 822
1 33 833
1 34 822
1 35 1000
1 36 822
1 37 655
2 19 812
2 20 500
2 21 62
2 22 83
2 23 83
2 24 83
2 25 83
2 26 775
2 27 750
2 28 687
2 29 750
2 30 708
2 31 750
2 32 708
2 33 750
2 34 708
2 35 1000
2 36 708
2 37 662
3 19 812
3 20 500
3 21 72
3 22 52
3 23 72
3 24 72
3 25 72
3 26 769
3 27 750
3 28 708
3 29 750
3 30 687
3 31 750
3 32 708
3 33 750
3 34 708
3 35 1000
3 36 708
3 37 662
4 19 812
4 20 500
4 21 83
4 22 83
4 23 62
4 24 83
4 25 83
4 26 775
4 27 750
4 28 708
4 29 750
4 30 708
4 31 750
4 32 687
4 33 750
4 34 708
4 35 1000
4 36 708
4 37 662
5 19 812
5 20 500
5 21 83
5 22 83
5 23 83
5 24 62
5 25 83
5 26 775
5 27 750
5 28 695
5 29 750
5 30 695
5 31 750
5 32 695
5 33 750
5 34 675
5 35 1000
5 36 695
5 37 662
6 19 812
6 20 500
6 21 83
6 22 83
6 23 83
6 24 83
6 25 62
6 26 775
6 27 750
6 28 708
6 29 750
6 30 708
6 31 750
6 32 708
6 33 750
6 34 708
6 35 1000
6 36 687
6 37 662
7 19 857
7 20 657
7 21 728
7 22 728
7 23 728
7 24 728
7 25 728
7 26 422
7 27 851
7 28 892
7 29 851
7 30 892
7 31 851
7 32 892
7 33 851
7 34 892
7 35 1000
7 36 892
7 37 771
8 19 900
8 20 877
8 21 875
8 22 875
8 23 875
8 24 875
8 25 875
8 26 923
8 27 475
8 28 900
8 29 600
8 30 900
8 31 600
8 32 900
8 33 600
8 34 900
8 35 800
8 36 900
8 37 800
9 19 500
9 20 822
9 21 687
9 22 708
9 23 708
9 24 708
9 25 708
9 26 884
9 27 937
9 28 0
9 29 937
9 30 55
9 31 937
9 32 55
9 33 937
9 34 55
9 35 1000
9 36 55
9 37 875
10 19 900
10 20 877
10 21 875
10 22 875
10 23 875
10 24 875
10 25 875
10 26 916
10 27 589
10 28 900
10 29 464
10 30 900
10 31 464
10 32 900
10 33 464
10 34 900
10 35 800
10 36 900
10 37 800
11 19 500
11 20 822
11 21 708
11 22 687
11 23 708
11 24 708
11 25 708
11 26 884
11 27 937
11 28 55
11 29 937
11 30 0
11 31 937
11 32 55
11 33 937
11 34 55
11 35 1000
11 36 55
11 37 875
12 19 900
12 20 877
12 21 875
12 22 875
12 23 875
12 24 875
12 25 875
12 26 923
12 27 600
12 28 900
12 29 475
12 30 900
12 31 475
12 32 900
12 33 475
12 34 900
12 35 800
12 36 900
12 37 800
13 19 500
13 20 822
13 21 708
13 22 708
13 23 687
13 24 708
13 25 708
13 26 884
13 27 937
13 28 55
13 29 937
13 30 55
13 31 937
13 32 0
13 33 937
13 34 55
13 35 1000
13 36 55
13 37 875
14 19 900
14 20 877
14 21 875
14 22 875
14 23 875
14 24 875
14 25 875
14 26 923
14 27 600
14 28 880
14 29 475
14 30 880
14 31 475
14 32 880
14 33 475
14 34 880
14 35 800
14 36 880
14 37 800
15 19 500
15 20 822
15 21 708
15 22 708
15 23 708
15 24 687
15 25 708
15 26 884
15 27 937
15 28 55
15 29 937
15 30 55
15 31 937
15 32 55
15 33 937
15 34 0
15 35 1000
15 36 55
15 37 875
16 19 1000
16 20 1000
16 21 1000
16 22 1000
16 23 1000
16 24 1000
16 25 1000
16 26 1000
16 27 875
16 28 1000
16 29 875
16 30 1000
16 31 875
16 32 1000
16 33 875
16 34 1000
16 35 0
16 36 1000
16 37 1000
17 19 500
17 20 822
17 21 708
17 22 708
17 23 708
17 24 708
17 25 687
17 26 884
17 27 937
17 28 55
17 29 937
17 30 55
17 31 937
17 32 55
17 33 937
17 34 55
17 35 1000
17 36 0
17 37 875
18 19 850
18 20 655
18 21 662
18 22 662
18 23 662
18 24 662
18 25 662
18 26 910
18 27 604
18 28 875
18 29 604
18 30 875
18 31 604
18 32 875
18 33 604
18 34 875
18 35 1000
18 36 875
18 37 0
19 0 0
19 1 0
19 2 0
19 3 0
19 4 0
19 5 0
19 6 0
19 7 0
19 8 0
19 9 0
19 10 0
19 11 0
19 12 0
19 13 0
19 14 0
19 15 0
19 16 0
19 17 0
19 18 0
20 0 0
20 1 0
20 2 0
20 3 0
20 4 0
20 5 0
20 6 0
20 7 0
20 8 0
20 9 0
20 10 0
20 11 0
20 12 0
20 13 0
20 14 0
20 15 0
20 16 0
20 17 0
20 18 0
21 0 0
21 1 0
21 2 0
21 3 0
21 4 0
21 5 0
21 6 0
21 7 0
21 8 0
21 9 0
21 10 0
21 11 0
21 12 0
21 13 0
21 14 0
21 15 0
21 16 0
21 17 0
21 18 0
22 0 0
22 1 0
22 2 0
22 3 0
22 4 0
22 5 0
22 6 0
22 7 0
22 8 0
22 9 0
22 10 0
22 11 0
22 12 0
22 13 0
22 14 0
22 15 0
22 16 0
22 17 0
22 18 0
23 0 0
23 1 0
23 2 0
23 3 0
23 4 0
23 5 0
23 6 0
23 7 0
23 8 0
23 9 0
23 10 0
23 11 0
23 12 0
23 13 0
23 14 0
23 15 0
23 16 0
23 17 0
23 18 0
24 0 0
24 1 0
24 2 0
24 3 0
24 4 0
24 5 0
24 6 0
24 7 0
24 8 0
24 9 0
24 10 0
24 11 0
24 12 0
24 13 0
24 14 0
24 15 0
24 16 0
24 17 0
24 18 0
25 0 0
25 1 0
25 2 0
25 3 0
25 4 0
25 5 0
25 6 0
25 7 0
25 8 0
25 9 0
25 10 0
25 11 0
25 12 0
25 13 0
25 14 0
25 15 0
25 16 0
25 17 0
25 18 0
26 0 0
26 1 0
26 2 0
26 3 0
26 4 0
26 5 0
26 6 0
26 7 0
26 8 0
26 9 0
26 10 0
26 11 0
26 12 0
26 13 0
26 14 0
26 15 0
26 16 0
26 17 0
26 18 0
27 0 0
27 1 0
27 2 0
27 3 0
27 4 0
27 5 0
27 6 0
27 7 0
27 8 0
27 9 0
27 10 0
27 11 0
27 12 0
27 13 0
27 14 0
27 15 0
27 16 0
27 17 0
27 18 0
28 0 0
28 1 0
28 2 0
28 3 0
28 4 0
28 5 0
28 6 0
28 7 0
28 8 0
28 9 0
28 10 0
28 11 0
28 12 0
28 13 0
28 14 0
28 15 0
28 16 0
28 17 0
28 18 0
29 0 0
29 1 0
29 2 0
29 3 0
29 4 0
29 5 0
29 6 0
29 7 0
29 8 0
29 9 0
29 10 0
29 11 0
29 12 0
29 13 0
29 14 0
29 15 0
29 16 0
29 17 0
29 18 0
30 0 0
30 1 0
30 2 0
30 3 0
30 4 0
30 5 0
30 6 0
30 7 0
30 8 0
30 9 0
30 10 0
30 11 0
30 12 0
30 13 0
30 14 0
30 15 0
30 16 0
30 17 0
30 18 0
31 0 0
31 1 0
31 2 0
31 3 0
31 4 0
31 5 0
31 6 0
31 7 0
31 8 0
31 9 0
31 10 0
31 11 0
31 12 0
31 13 0
31 14 0
31 15 0
31 16 0
31 17 0
31 18 0
32 0 0
32 1 0
32 2 0
32 3 0
32 4 0
32 5 0
32 6 0
32 7 0
32 8 0
32 9 0
32 10 0
32 11 0
32 12 0
32 13 0
32 14 0
32 15 0
32 16 0
32 17 0
32 18 0
33 0 0
33 1 0
33 2 0
33 3 0
33 4 0
33 5 0
33 6 0
33 7 0
33 8 0
33 9 0
33 10 0
33 11 0
33 12 0
33 13 0
33 14 0
33 15 0
33 16 0
33 17 0
33 18 0
34 0 0
34 1 0
34 2 0
34 3 0
34 4 0
34 5 0
34 6 0
34 7 0
34 8 0
34 9 0
34 10 0
34 11 0
34 12 0
34 13 0
34 14 0
34 15 0
34 16 0
34 17 0
34 18 0
35 0 0
35 1 0
35 2 0
35 3 0
35 4 0
35 5 0
35 6 0
35 7 0
35 8 0
35 9 0
35 10 0
35 11 0
35 12 0
35 13 0
35 14 0
35 15 0
35 16 0
35 17 0
35 18 0
36 0 0
36 1 0
36 2 0
36 3 0
36 4 0
36 5 0
36 6 0
36 7 0
36 8 0
36 9 0
36 10 0
36 11 0
36 12 0
36 13 0
36 14 0
36 15 0
36 16 0
36 17 0
36 18 0
37 0 0
37 1 0
37 2 0
37 3 0
37 4 0
37 5 0
37 6 0
37 7 0
37 8 0
37 9 0
37 10 0
37 11 0
37 12 0
37 13 0
37 14 0
37 15 0
37 16 0
37 17 0
37 18 0