6 5

200
0 25 50 75 100 125 0 25 50 75 100
0 0 0 50 0 50 0 0 50 0 50

0 6 62
0 7 937
0 8 650
0 9 1000
0 10 650
1 6 812
1 7 1000
1 8 846
1 9 1000
1 10 857
2 6 937
2 7 214
2 8 928
2 9 857
2 10 928
3 6 650
3 7 928
3 8 71
3 9 1000
3 10 0
4 6 1000
4 7 857
4 8 1000
4 9 0
4 10 1000
5 6 650
5 7 928
5 8 0
5 9 1000
5 10 71
6 0 0
6 1 0
6 2 0
6 3 0
6 4 0
6 5 0
7 0 0
7 1 0
7 2 0
7 3 0
7 4 0
7 5 0
8 0 0
8 1 0
8 2 0
8 3 0
8 4 0
8 5 0
9 0 0
9 1 0
9 2 0
9 3 0
9 4 0
9 5 0
10 0 0
10 1 0
10 2 0
10 3 0
10 4 0
10 5 0